-0.00700000               0.379000               0.375000
 -0.0220000               0.372000               0.379000
  0.0170000               0.407000               0.335000
  0.0500000               0.450000               0.293000
  0.0570000               0.431000               0.304000
  0.0430000               0.425000               0.301000
  0.0440000               0.426000               0.309000
  0.0290000               0.427000               0.326000
  0.0330000               0.395000               0.355000
  0.0700000               0.431000               0.287000
  0.0630000               0.456000               0.264000
  0.0610000               0.446000               0.261000
  0.0740000               0.457000               0.237000
  0.0830000               0.462000               0.225000
  0.0830000               0.451000               0.251000
  0.0800000               0.450000               0.243000
  0.0750000               0.446000               0.254000
  0.0690000               0.447000               0.268000
  0.0520000               0.444000               0.259000
  0.0560000               0.439000               0.260000
  0.0620000               0.442000               0.256000
  0.0590000               0.452000               0.262000
  0.0820000               0.443000               0.263000
  0.0740000               0.429000               0.274000
  0.0600000               0.462000               0.233000
  0.0580000               0.466000               0.231000
  0.0430000               0.471000               0.221000
  0.0370000               0.472000               0.210000
  0.0260000               0.475000               0.212000
  0.0340000               0.462000               0.223000
  0.0250000               0.465000               0.217000
  0.0340000               0.475000               0.204000
  0.0530000               0.473000               0.208000
  0.0530000               0.452000               0.233000
  0.0530000               0.440000               0.253000
  0.0520000               0.455000               0.247000
  0.0380000               0.469000               0.229000
  0.0330000               0.469000               0.222000
  0.0380000               0.465000               0.223000
  0.0410000               0.477000               0.222000
  0.0350000               0.474000               0.223000
  0.0460000               0.454000               0.260000
  0.0510000               0.438000               0.278000
  0.0460000               0.431000               0.290000
  0.0630000               0.409000               0.298000
  0.0710000               0.412000               0.298000
  0.0930000               0.405000               0.316000
  0.0770000               0.409000               0.305000
  0.0780000               0.412000               0.294000
  0.0770000               0.418000               0.284000
  0.0660000               0.445000               0.268000
  0.0640000               0.439000               0.263000
  0.0620000               0.441000               0.254000
  0.0760000               0.442000               0.263000
  0.0920000               0.480000               0.216000
  0.0860000               0.475000               0.212000
  0.0780000               0.473000               0.214000
  0.0800000               0.483000               0.207000
  0.0870000               0.480000               0.206000
  0.0860000               0.477000               0.202000
  0.0710000               0.469000               0.207000
  0.0520000               0.469000               0.219000
  0.0340000               0.455000               0.238000
  0.0420000               0.452000               0.239000
  0.0500000               0.463000               0.238000
  0.0330000               0.460000               0.237000
  0.0470000               0.455000               0.232000
  0.0530000               0.460000               0.227000
  0.0590000               0.475000               0.222000
  0.0700000               0.465000               0.217000
  0.0710000               0.460000               0.216000
  0.0770000               0.472000               0.210000
  0.0900000               0.476000               0.198000
  0.0790000               0.474000               0.205000
  0.0790000               0.472000               0.199000
  0.0830000               0.488000               0.199000
  0.0950000               0.472000               0.209000
  0.0900000               0.471000               0.201000
  0.0830000               0.471000               0.214000
  0.0880000               0.474000               0.216000
  0.0850000               0.465000               0.220000
  0.0840000               0.472000               0.208000
  0.0840000               0.487000               0.189000
  0.0840000               0.478000               0.198000
  0.0710000               0.484000               0.179000
  0.0680000               0.477000               0.174000
  0.0690000               0.494000               0.169000
  0.0720000               0.490000               0.171000
  0.0740000               0.482000               0.172000
  0.0770000               0.487000               0.158000
  0.0750000               0.490000               0.166000
  0.0670000               0.488000               0.163000
  0.0780000               0.487000               0.163000
  0.0830000               0.491000               0.166000
  0.0840000               0.483000               0.170000
  0.0950000               0.484000               0.159000
   0.101000               0.488000               0.154000
   0.103000               0.491000               0.156000
  0.0980000               0.477000               0.158000
  0.0830000               0.475000               0.164000
  0.0660000               0.464000               0.208000
  0.0380000               0.439000               0.260000
  0.0280000               0.424000               0.262000
  0.0440000               0.410000               0.265000
  0.0400000               0.425000               0.237000
  0.0420000               0.426000               0.239000
  0.0290000               0.417000               0.257000
  0.0400000               0.431000               0.241000
  0.0380000               0.444000               0.238000
  0.0260000               0.414000               0.273000
  0.0270000               0.417000               0.263000
  0.0410000               0.436000               0.255000
  0.0330000               0.430000               0.237000
  0.0480000               0.435000               0.220000
  0.0490000               0.436000               0.222000
  0.0540000               0.442000               0.233000
  0.0550000               0.437000               0.231000
  0.0610000               0.430000               0.225000
  0.0650000               0.430000               0.221000
  0.0660000               0.430000               0.218000
  0.0560000               0.426000               0.236000
  0.0610000               0.412000               0.247000
  0.0650000               0.453000               0.197000
  0.0450000               0.473000               0.116000
  0.0380000               0.484000               0.104000
  0.0920000               0.454000               0.174000
  0.0720000               0.472000               0.140000
  0.0580000               0.467000               0.144000
  0.0840000               0.460000               0.164000
   0.131000               0.454000               0.175000
   0.118000               0.457000               0.162000
   0.111000               0.457000               0.165000
   0.105000               0.458000               0.168000
   0.107000               0.467000               0.161000
  0.0760000               0.471000               0.152000
  0.0880000               0.464000               0.162000
  0.0820000               0.467000               0.164000
  0.0900000               0.473000               0.153000
  0.0860000               0.465000               0.153000
  0.0800000               0.468000               0.169000
  0.0770000               0.468000               0.179000
  0.0820000               0.445000               0.211000
  0.0840000               0.436000               0.191000
  0.0960000               0.396000               0.220000
  0.0840000               0.407000               0.204000
  0.0860000               0.397000               0.190000
   0.106000               0.415000               0.149000
  0.0960000               0.444000               0.111000
  0.0860000               0.440000               0.103000
  0.0830000               0.437000              0.0970000
  0.0720000               0.443000              0.0870000
  0.0670000               0.466000              0.0350000
  0.0750000               0.457000              0.0200000
  0.0620000               0.451000              0.0260000
  0.0650000               0.439000            -0.00400000
  0.0540000               0.431000             0.00100000
  0.0680000               0.424000            -0.00500000
  0.0900000               0.429000            -0.00200000
  0.0820000               0.430000             -0.0570000
  0.0770000               0.419000             -0.0780000
  0.0820000               0.418000             -0.0870000
  0.0810000               0.417000              -0.101000
  0.0650000               0.434000             -0.0840000
  0.0560000               0.432000             -0.0210000
  0.0480000               0.431000            -0.00100000
  0.0290000               0.441000            -0.00700000
  0.0230000               0.437000            -0.00700000
  0.0220000               0.437000            -0.00400000
  0.0150000               0.435000             0.00100000
  0.0130000               0.447000              0.0130000
 0.00300000               0.436000              0.0390000
  0.0120000               0.436000              0.0580000
  0.0180000               0.440000              0.0220000
  0.0480000               0.432000             -0.0500000
  0.0800000               0.390000              -0.131000
 -0.0710000               0.428000              0.0150000
 -0.0850000               0.436000             -0.0130000
 -0.0760000               0.432000             -0.0220000
 -0.0390000               0.401000             -0.0710000
 -0.0510000               0.399000             -0.0790000
 -0.0960000               0.408000             -0.0760000
  -0.155000               0.394000             -0.0310000
  -0.178000               0.394000             -0.0560000
  -0.169000               0.390000              -0.127000
  -0.170000               0.389000              -0.143000
  -0.174000               0.384000              -0.176000
  -0.169000               0.376000              -0.179000
  -0.106000               0.378000              -0.227000
 -0.0580000               0.359000              -0.242000
 -0.0590000               0.348000              -0.243000
 -0.0510000               0.353000              -0.239000
 -0.0430000               0.349000              -0.245000
 -0.0250000               0.353000              -0.230000
 -0.0240000               0.343000              -0.250000
 -0.0560000               0.336000              -0.263000
 -0.0970000               0.316000              -0.263000
 -0.0770000               0.312000              -0.265000
 -0.0360000               0.317000              -0.251000
 -0.0280000               0.314000              -0.253000
 -0.0260000               0.317000              -0.246000
 -0.0240000               0.319000              -0.236000
 -0.0130000               0.342000              -0.209000
 -0.0150000               0.336000              -0.214000
    0.00000               0.324000              -0.236000
  0.0100000               0.311000              -0.245000
  0.0340000               0.321000              -0.245000
  0.0200000               0.314000              -0.249000
  0.0200000               0.304000              -0.260000
  0.0220000               0.306000              -0.258000
  0.0180000               0.315000              -0.257000
  0.0160000               0.304000              -0.263000
 0.00700000               0.292000              -0.266000
  0.0170000               0.302000              -0.267000
  0.0170000               0.303000              -0.264000
 0.00900000               0.306000              -0.264000
 0.00500000               0.310000              -0.261000
 0.00100000               0.299000              -0.274000
  0.0220000               0.297000              -0.267000
  0.0250000               0.291000              -0.273000
  0.0330000               0.291000              -0.276000
  0.0330000               0.284000              -0.274000
  0.0200000               0.286000              -0.277000
 0.00100000               0.270000              -0.289000
  0.0190000               0.280000              -0.295000
  0.0210000               0.242000              -0.313000
 0.00400000               0.235000              -0.307000
 0.00800000               0.242000              -0.307000
-0.00400000               0.227000              -0.321000
-0.00300000               0.249000              -0.307000
  0.0260000               0.209000              -0.329000
  0.0300000               0.232000              -0.333000
  0.0340000               0.329000              -0.210000
  0.0270000               0.356000              -0.182000
-0.00200000               0.355000              -0.195000
  0.0140000               0.353000              -0.190000
  0.0260000               0.355000              -0.175000
  0.0190000               0.355000              -0.165000
  0.0230000               0.378000              -0.157000
  0.0250000               0.377000              -0.145000
  0.0400000               0.372000              -0.141000
  0.0320000               0.361000              -0.160000
  0.0350000               0.379000              -0.147000
  0.0420000               0.371000              -0.137000
  0.0530000               0.375000              -0.117000
  0.0530000               0.395000             -0.0820000
  0.0700000               0.401000             -0.0450000
  0.0710000               0.378000             -0.0820000
  0.0710000               0.382000             -0.0510000
  0.0640000               0.399000             -0.0140000
  0.0480000               0.384000              0.0680000
  0.0300000               0.381000               0.104000
  0.0390000               0.371000               0.162000
  0.0550000               0.358000               0.180000
  0.0830000               0.371000              0.0850000
  0.0430000               0.403000             -0.0520000
  0.0340000               0.406000             -0.0870000
  0.0300000               0.400000              -0.107000
  0.0630000               0.393000             -0.0300000
  0.0700000               0.402000              0.0480000
   0.100000               0.417000               0.136000
  0.0910000               0.426000              0.0750000
  0.0840000               0.423000              0.0780000
  0.0710000               0.427000              0.0770000
  0.0820000               0.432000              0.0740000
  0.0820000               0.418000              0.0790000
  0.0670000               0.415000            -0.00700000
  0.0440000               0.393000              -0.120000
  0.0270000               0.364000              -0.173000
  0.0670000               0.396000             -0.0480000
  0.0690000               0.411000              0.0700000
  0.0660000               0.416000              0.0950000
  0.0750000               0.398000               0.114000
  0.0750000               0.391000               0.107000
  0.0620000               0.393000               0.138000
  0.0580000               0.391000               0.134000
  0.0680000               0.385000               0.137000
  0.0490000               0.399000               0.105000
  0.0700000               0.402000              0.0480000
  0.0720000               0.389000             -0.0120000
  0.0680000               0.372000             -0.0830000
  0.0580000               0.366000              -0.104000
  0.0600000               0.363000             -0.0840000
  0.0660000               0.352000             -0.0820000
  0.0600000               0.363000             -0.0820000
  0.0650000               0.375000             -0.0740000
  0.0610000               0.356000             -0.0820000
  0.0530000               0.359000             -0.0830000
  0.0660000               0.359000             -0.0770000
  0.0680000               0.365000             -0.0860000
  0.0520000               0.358000              -0.109000
  0.0430000               0.356000              -0.114000
  0.0420000               0.369000              -0.117000
  0.0310000               0.370000              -0.134000
  0.0320000               0.366000              -0.113000
  0.0390000               0.365000             -0.0960000
  0.0430000               0.363000              -0.147000
  0.0380000               0.354000              -0.145000
  0.0380000               0.350000              -0.145000
  0.0250000               0.357000              -0.137000
  0.0260000               0.358000              -0.147000
  0.0390000               0.356000              -0.152000
  0.0690000               0.350000              -0.158000
  0.0670000               0.370000              -0.159000
  0.0460000               0.366000              -0.158000
  0.0330000               0.360000              -0.162000
  0.0530000               0.370000              -0.137000
  0.0500000               0.380000              -0.148000
  0.0480000               0.376000              -0.145000
  0.0420000               0.373000              -0.151000
  0.0450000               0.372000              -0.154000
  0.0460000               0.374000              -0.143000
  0.0470000               0.371000              -0.149000
  0.0430000               0.378000              -0.139000
  0.0480000               0.386000              -0.122000
  0.0480000               0.378000              -0.126000
  0.0400000               0.381000              -0.126000
  0.0430000               0.381000              -0.132000
  0.0480000               0.390000              -0.125000
  0.0480000               0.378000              -0.128000
  0.0530000               0.379000              -0.126000
  0.0580000               0.379000              -0.122000
  0.0380000               0.369000              -0.140000
  0.0380000               0.356000              -0.138000
  0.0480000               0.350000              -0.128000
  0.0360000               0.353000              -0.138000
  0.0370000               0.345000              -0.133000
  0.0410000               0.350000              -0.128000
  0.0460000               0.351000              -0.124000
  0.0540000               0.338000              -0.118000
  0.0350000               0.329000              -0.145000
  0.0510000               0.333000              -0.141000
  0.0540000               0.349000              -0.131000
  0.0480000               0.333000              -0.130000
  0.0430000               0.335000              -0.132000
  0.0530000               0.324000              -0.134000
  0.0670000               0.329000              -0.134000
  0.0650000               0.318000              -0.136000
  0.0590000               0.322000              -0.145000
  0.0560000               0.326000              -0.132000
  0.0490000               0.324000              -0.116000
  0.0550000               0.310000             -0.0850000
  0.0560000               0.320000             -0.0700000
  0.0460000               0.322000             -0.0890000
  0.0580000               0.309000             -0.0950000
  0.0600000               0.308000              -0.110000
  0.0620000               0.310000              -0.116000
  0.0730000               0.317000             -0.0980000
  0.0720000               0.299000              -0.141000
  0.0700000               0.298000              -0.162000
  0.0630000               0.309000              -0.188000
  0.0730000               0.292000              -0.190000
  0.0560000               0.299000              -0.177000
  0.0510000               0.295000              -0.175000
  0.0470000               0.296000              -0.183000
  0.0450000               0.290000              -0.185000
  0.0290000               0.296000              -0.176000
  0.0140000               0.305000              -0.180000
  0.0300000               0.296000              -0.182000
  0.0180000               0.298000              -0.183000
 0.00800000               0.297000              -0.190000
-0.00800000               0.289000              -0.210000
 -0.0250000               0.277000              -0.220000
 -0.0110000               0.260000              -0.233000
  0.0370000               0.256000              -0.242000
  0.0620000               0.231000              -0.265000
  0.0670000              0.0990000              -0.329000
  0.0790000              0.0810000              -0.321000
  0.0910000              0.0420000              -0.329000
   0.121000             -0.0690000              -0.305000
   0.199000               0.102000              -0.250000
   0.131000               0.249000              -0.191000
   0.113000               0.334000             -0.0660000
  0.0720000               0.338000             -0.0720000
  0.0440000               0.332000             -0.0880000
  0.0760000               0.295000              -0.155000
  0.0960000               0.204000              -0.224000
  0.0610000              0.0940000              -0.284000
  0.0710000               0.124000              -0.273000
  0.0690000               0.155000              -0.260000
  0.0590000               0.190000              -0.221000
  0.0530000               0.191000              -0.226000
  0.0500000               0.185000              -0.233000
  0.0490000               0.193000              -0.236000
  0.0120000               0.229000              -0.205000
 -0.0200000               0.242000              -0.175000
-0.00300000               0.250000              -0.190000
    0.00000               0.227000              -0.198000
 -0.0250000               0.234000              -0.205000
 -0.0640000               0.223000              -0.218000
 -0.0980000               0.244000              -0.189000
   0.130000              0.0650000              -0.304000
   0.200000             -0.0600000              -0.262000
   0.141000              0.0110000              -0.307000
  0.0800000               0.126000              -0.301000
  0.0560000               0.155000              -0.286000
  0.0580000               0.152000              -0.276000
   0.106000              0.0760000              -0.313000
   0.106000             0.00500000              -0.317000
   0.103000             -0.0280000              -0.312000
   0.111000             -0.0520000              -0.291000
  0.0930000              0.0230000              -0.301000
  0.0940000              0.0650000              -0.299000
  0.0830000              0.0650000              -0.305000
  0.0540000               0.117000              -0.295000
  0.0610000               0.126000              -0.293000
  0.0770000               0.160000              -0.296000
  0.0930000               0.131000              -0.323000
   0.117000             0.00700000              -0.337000
  0.0370000               0.188000              -0.223000
   0.209000               0.142000              -0.243000
 -0.0700000               0.357000             -0.0890000
 -0.0400000               0.372000             -0.0660000
 -0.0350000               0.357000             -0.0830000
    0.00000               0.354000              -0.128000
 -0.0180000               0.373000              -0.112000
-0.00800000               0.369000              -0.119000
 -0.0120000               0.363000              -0.119000
 -0.0160000               0.365000              -0.112000
 -0.0350000               0.371000              -0.106000
 -0.0400000               0.367000              -0.108000
 -0.0370000               0.379000             -0.0970000
 -0.0410000               0.383000             -0.0910000
 -0.0440000               0.372000             -0.0860000
 -0.0450000               0.374000             -0.0880000
 -0.0480000               0.375000             -0.0900000
 -0.0480000               0.390000             -0.0740000
 -0.0470000               0.376000             -0.0810000
 -0.0410000               0.376000             -0.0700000
 -0.0380000               0.386000             -0.0750000
 -0.0350000               0.384000             -0.0800000
 -0.0330000               0.377000             -0.0760000
 -0.0490000               0.406000             -0.0600000
 -0.0540000               0.422000             -0.0550000
 -0.0470000               0.424000             -0.0710000
 -0.0450000               0.422000             -0.0800000
 -0.0450000               0.423000             -0.0660000
 -0.0480000               0.429000             -0.0520000
 -0.0550000               0.423000             -0.0490000
 -0.0430000               0.423000             -0.0630000
 -0.0310000               0.431000             -0.0600000
 -0.0230000               0.425000             -0.0560000
 -0.0180000               0.422000             -0.0530000
 -0.0170000               0.423000             -0.0550000
 -0.0120000               0.434000             -0.0520000
 -0.0250000               0.427000             -0.0490000
 -0.0170000               0.422000             -0.0510000
 -0.0280000               0.431000             -0.0460000
 -0.0360000               0.436000             -0.0430000
 -0.0370000               0.432000             -0.0390000
 -0.0400000               0.426000             -0.0400000
 -0.0390000               0.443000             -0.0440000
 -0.0530000               0.429000             -0.0200000
 -0.0520000               0.437000             -0.0230000
 -0.0530000               0.430000             -0.0330000
 -0.0530000               0.428000             -0.0520000
 -0.0610000               0.420000            -0.00500000
 -0.0470000               0.428000            -0.00600000
 -0.0580000               0.422000             -0.0200000
 -0.0640000               0.418000             -0.0110000
 -0.0410000               0.409000             0.00900000
 -0.0680000               0.410000              0.0640000
 -0.0990000               0.365000               0.127000
 -0.0850000               0.356000               0.139000
 -0.0890000               0.354000               0.140000
 -0.0800000               0.330000               0.148000
 -0.0130000               0.254000              -0.102000
 0.00900000               0.233000              -0.112000
  0.0130000               0.284000            -0.00600000
  0.0170000               0.285000              0.0490000
  0.0220000               0.234000              0.0720000
  0.0760000               0.190000              -0.209000
  0.0610000               0.214000              -0.203000
  0.0620000               0.218000              -0.187000
  0.0620000               0.206000              -0.206000
  -0.141000               0.256000              0.0730000
  -0.162000               0.192000               0.148000
  -0.155000               0.209000               0.165000
  -0.174000               0.195000               0.176000
  -0.174000               0.203000               0.147000
  -0.154000               0.169000               0.200000
  -0.175000               0.159000               0.193000
  -0.184000               0.118000               0.216000
  -0.123000              0.0320000               0.267000
  -0.120000              0.0180000               0.268000
  -0.122000              0.0310000               0.272000
  -0.134000              0.0660000               0.249000
  -0.145000               0.188000              0.0990000
  -0.136000               0.265000             0.00600000
  -0.144000               0.221000               0.134000
  -0.168000               0.259000              0.0810000
  -0.151000               0.231000               0.152000
  -0.137000               0.240000              0.0960000
  -0.147000               0.253000              0.0880000
  -0.150000               0.228000               0.114000
  -0.126000               0.240000               0.103000
  -0.134000               0.235000               0.103000
  -0.124000               0.250000              0.0960000
  -0.120000               0.238000               0.102000
  -0.122000               0.233000               0.126000
  -0.124000               0.234000               0.163000
  -0.124000               0.231000               0.161000
  -0.122000               0.206000               0.177000
  -0.116000               0.201000               0.198000
 -0.0910000               0.221000               0.189000
 -0.0900000               0.197000               0.184000
 -0.0940000               0.196000               0.196000
  -0.104000               0.185000               0.206000
 -0.0960000               0.188000               0.227000
  -0.103000               0.187000               0.227000
  -0.119000               0.217000               0.197000
  -0.117000               0.276000               0.124000
  -0.117000               0.270000               0.132000
  -0.102000               0.289000               0.101000
 -0.0930000               0.288000               0.115000
  -0.103000               0.285000               0.130000
  -0.122000               0.274000               0.141000
  -0.109000               0.228000               0.223000
  -0.130000               0.259000               0.184000
  -0.128000               0.278000               0.140000
  -0.147000               0.294000               0.104000
  -0.148000               0.300000              0.0850000
  -0.183000               0.300000              0.0960000
  -0.161000               0.310000              0.0880000
  -0.152000               0.319000              0.0630000
  -0.160000               0.324000              0.0560000
  -0.119000               0.348000             0.00600000
  -0.144000               0.328000              0.0210000
  -0.165000               0.325000              0.0160000
  -0.150000               0.341000              0.0240000
  -0.140000               0.340000              0.0430000
  -0.154000               0.324000              0.0530000
  -0.168000               0.309000               0.114000
  -0.175000               0.325000               0.116000
  -0.154000               0.327000              0.0950000
  -0.152000               0.327000              0.0910000
  -0.165000               0.339000              0.0810000
  -0.160000               0.352000              0.0740000
  -0.173000               0.339000              0.0780000
  -0.159000               0.352000              0.0730000
  -0.162000               0.359000              0.0830000
  -0.155000               0.356000              0.0840000
  -0.161000               0.347000              0.0870000
  -0.164000               0.347000              0.0910000
  -0.168000               0.356000              0.0840000
  -0.174000               0.354000              0.0780000
  -0.177000               0.349000              0.0790000
  -0.187000               0.345000             0.00600000
  -0.185000               0.357000              0.0450000
  -0.191000               0.354000              0.0400000
  -0.179000               0.355000              0.0630000
  -0.165000               0.375000              0.0360000
  -0.169000               0.359000              0.0380000
  -0.146000               0.361000                0.00000
  -0.149000               0.367000              0.0180000
  -0.155000               0.374000              0.0280000
  -0.153000               0.367000              0.0120000
  -0.138000               0.369000             0.00800000
  -0.135000               0.382000              0.0260000
  -0.144000               0.389000              0.0390000
  -0.150000               0.393000              0.0490000
  -0.159000               0.395000              0.0400000
  -0.150000               0.409000              0.0370000
  -0.162000               0.393000              0.0220000
  -0.157000               0.404000              0.0140000
  -0.138000               0.413000              0.0140000
  -0.143000               0.401000              0.0130000
  -0.151000               0.389000             0.00800000
  -0.165000               0.385000             0.00500000
  -0.177000               0.391000             0.00800000
  -0.177000               0.378000             0.00500000
  -0.183000               0.382000            -0.00300000
  -0.180000               0.380000             0.00100000
  -0.174000               0.388000              0.0110000
  -0.172000               0.390000              0.0270000
  -0.173000               0.392000              0.0110000
  -0.167000               0.402000             0.00300000
  -0.160000               0.392000             -0.0230000
  -0.165000               0.394000            -0.00400000
  -0.161000               0.387000             -0.0180000
  -0.168000               0.403000             -0.0220000
  -0.176000               0.388000             -0.0310000
  -0.175000               0.385000             -0.0390000
  -0.159000               0.378000             -0.0650000
  -0.177000               0.366000             -0.0580000
  -0.122000               0.361000             -0.0800000
  -0.119000               0.371000             -0.0670000
  -0.129000               0.392000             -0.0660000
  -0.163000               0.370000             -0.0950000
  -0.106000               0.333000              -0.109000
  -0.138000               0.332000             -0.0650000
  -0.136000               0.370000             -0.0890000
  -0.136000               0.369000              -0.102000
  -0.114000               0.366000             -0.0870000
  -0.115000               0.375000             -0.0950000
  -0.130000               0.400000              -0.125000
  -0.120000               0.387000              -0.129000
  -0.134000               0.371000              -0.127000
  -0.140000               0.367000              -0.123000
  -0.136000               0.369000              -0.135000
  -0.137000               0.377000              -0.163000
  -0.139000               0.415000              -0.188000
 -0.0970000               0.416000              -0.169000
 -0.0620000               0.359000             -0.0910000
  -0.110000               0.336000              -0.105000
  -0.137000               0.311000             -0.0880000
  -0.145000               0.273000              -0.102000
  -0.179000               0.236000              -0.166000
  -0.242000               0.113000              -0.273000
  -0.259000              0.0620000              -0.287000
  -0.224000               0.193000              -0.228000
  -0.168000               0.260000              -0.236000
  -0.109000               0.182000              -0.316000
 -0.0850000               0.173000              -0.282000
 -0.0550000               0.168000              -0.249000
 -0.0610000               0.207000              -0.165000
 -0.0940000               0.243000              -0.130000
  -0.117000               0.258000              -0.131000
  -0.145000               0.252000              -0.148000
  -0.161000               0.237000              -0.174000
  -0.126000               0.298000              -0.166000
  -0.103000               0.343000              -0.167000
  -0.104000               0.330000              -0.174000
  -0.100000               0.320000              -0.180000
  -0.107000               0.300000              -0.177000
  -0.123000               0.264000              -0.173000
  -0.128000               0.252000              -0.172000
  -0.135000               0.252000              -0.183000
  -0.137000               0.248000              -0.168000
  -0.130000               0.247000              -0.184000
  -0.121000               0.257000              -0.196000
  -0.124000               0.264000              -0.178000
  -0.138000               0.245000              -0.192000
  -0.142000               0.230000              -0.197000
  -0.136000               0.233000              -0.206000
  -0.128000               0.259000              -0.180000
  -0.122000               0.260000              -0.165000
  -0.124000               0.275000              -0.152000
 -0.0870000               0.346000             -0.0470000
 -0.0550000               0.391000              -0.118000
 -0.0710000               0.388000              -0.119000
 -0.0750000               0.402000              -0.116000
 -0.0740000               0.387000              -0.118000
 -0.0720000               0.383000              -0.116000
 -0.0700000               0.387000              -0.111000
 -0.0690000               0.409000             -0.0980000
 -0.0680000               0.400000              -0.108000
 -0.0730000               0.400000              -0.102000
 -0.0650000               0.412000             -0.0970000
 -0.0650000               0.395000              -0.112000
 -0.0710000               0.377000              -0.138000
  -0.104000               0.335000              -0.199000
  -0.111000               0.351000              -0.202000
  -0.142000               0.318000              -0.219000
 -0.0980000               0.341000              -0.202000
 -0.0940000               0.356000              -0.180000
 -0.0920000               0.366000              -0.176000
 -0.0950000               0.356000              -0.186000
 -0.0950000               0.356000              -0.187000
 -0.0920000               0.358000              -0.189000
 -0.0910000               0.347000              -0.192000
 -0.0930000               0.334000              -0.191000
 -0.0960000               0.340000              -0.194000
 -0.0950000               0.349000              -0.198000
  -0.104000               0.336000              -0.197000
  -0.117000               0.337000              -0.186000
  -0.106000               0.343000              -0.197000
 -0.0790000               0.321000              -0.222000
 -0.0590000               0.298000              -0.242000
 -0.0750000               0.306000              -0.219000
 -0.0720000               0.320000              -0.230000
 -0.0910000               0.355000              -0.174000
 -0.0670000               0.374000              -0.146000
 -0.0670000               0.370000              -0.154000
 -0.0750000               0.369000              -0.166000
 -0.0820000               0.353000              -0.190000
  -0.101000               0.344000              -0.187000
  -0.111000               0.333000              -0.198000
  -0.125000               0.299000              -0.243000
  -0.112000               0.304000              -0.240000
  -0.115000               0.309000              -0.239000
  -0.120000               0.318000              -0.245000
  -0.126000               0.290000              -0.257000
  -0.134000               0.278000              -0.259000
  -0.124000               0.276000              -0.265000
 -0.0870000               0.345000              -0.203000
 -0.0910000               0.351000              -0.188000
  -0.100000               0.342000              -0.189000
 -0.0880000               0.364000              -0.177000
 -0.0860000               0.354000              -0.177000
 -0.0820000               0.357000              -0.175000
 -0.0900000               0.357000              -0.176000
 -0.0900000               0.368000              -0.170000
 -0.0830000               0.357000              -0.169000
 -0.0660000               0.384000              -0.120000
 -0.0450000               0.401000              -0.109000
 -0.0560000               0.391000              -0.115000
 -0.0570000               0.388000              -0.127000
 -0.0570000               0.381000              -0.139000
 -0.0600000               0.389000              -0.137000
 -0.0460000               0.397000             -0.0530000
 -0.0390000               0.396000             -0.0460000
 -0.0270000               0.402000             -0.0500000
 -0.0280000               0.408000            -0.00300000
 -0.0160000               0.398000            -0.00100000
 -0.0280000               0.387000             -0.0370000
-0.00900000               0.389000             -0.0360000
  0.0360000               0.378000            -0.00300000
  0.0540000               0.377000             -0.0130000
  0.0300000               0.380000             -0.0370000
  0.0190000               0.385000             -0.0370000
  0.0120000               0.376000             -0.0290000
  0.0160000               0.381000             -0.0420000
  0.0550000               0.399000            -0.00800000
  0.0530000               0.390000              0.0190000
  0.0330000               0.385000              0.0350000
  0.0340000               0.376000              0.0620000
  0.0230000               0.380000              0.0830000
 -0.0130000               0.382000              0.0280000
 -0.0200000               0.382000              0.0140000
-0.00300000               0.381000              0.0240000
 0.00900000               0.387000              0.0130000
 0.00300000               0.383000              0.0180000
  0.0100000               0.383000              0.0330000
  0.0250000               0.391000              0.0160000
  0.0320000               0.383000              0.0300000
  0.0800000               0.364000               0.104000
  0.0680000               0.375000              0.0880000
  0.0940000               0.372000               0.122000
  0.0670000               0.377000              0.0860000
  0.0650000               0.381000              0.0930000
  0.0210000               0.399000              0.0510000
  0.0200000               0.403000              0.0450000
  0.0270000               0.400000              0.0530000
  0.0490000               0.390000              0.0830000
  0.0560000               0.394000               0.105000
  0.0560000               0.398000              0.0760000
  0.0680000               0.389000              0.0650000
  0.0270000               0.393000              0.0490000
  0.0420000               0.395000              0.0470000
  0.0410000               0.388000              0.0600000
  0.0360000               0.388000              0.0540000
  0.0490000               0.398000              0.0630000
  0.0560000               0.388000              0.0440000
  0.0400000               0.382000              0.0500000
  0.0420000               0.377000              0.0650000
  0.0180000               0.364000               0.162000
 0.00700000               0.379000               0.104000
 0.00500000               0.349000               0.156000
 0.00800000               0.346000               0.181000
 -0.0130000               0.356000               0.180000
 -0.0150000               0.374000               0.115000
-0.00600000               0.378000              0.0690000
  0.0470000               0.372000              0.0970000
  0.0180000               0.371000              0.0940000
  0.0260000               0.365000               0.129000
  0.0160000               0.383000              0.0960000
  0.0110000               0.387000              0.0770000
  0.0100000               0.380000              0.0630000
  0.0260000               0.377000              0.0860000
  0.0310000               0.402000              0.0430000
 -0.0110000               0.392000              0.0210000
 -0.0110000               0.390000              0.0480000
 -0.0100000               0.391000              0.0540000
-0.00100000               0.393000              0.0500000
 0.00500000               0.380000              0.0680000
  0.0100000               0.376000              0.0750000
  0.0150000               0.378000              0.0940000
  0.0160000               0.384000               0.112000
  0.0250000               0.381000               0.114000
  0.0300000               0.395000              0.0770000
  0.0310000               0.391000              0.0880000
  0.0380000               0.368000               0.111000
  0.0350000               0.364000               0.126000
  0.0260000               0.403000             -0.0530000
  0.0300000               0.405000             -0.0560000
  0.0220000               0.401000             -0.0650000
  0.0300000               0.411000             -0.0600000
  0.0350000               0.417000             -0.0730000
  0.0380000               0.413000             -0.0390000
  0.0380000               0.408000             -0.0100000
  0.0270000               0.405000             -0.0240000
  0.0340000               0.403000             -0.0240000
-0.00900000               0.401000              0.0150000
-0.00600000               0.402000             0.00300000
-0.00800000               0.406000             -0.0130000
-0.00800000               0.408000             -0.0240000
 -0.0200000               0.401000             -0.0150000
 0.00600000               0.411000            -0.00800000
  0.0360000               0.414000             -0.0100000
  0.0380000               0.405000             -0.0140000
  0.0400000               0.404000             -0.0120000
  0.0290000               0.412000             -0.0310000
  0.0320000               0.416000             -0.0540000
  0.0490000               0.401000             -0.0600000
  0.0480000               0.405000             -0.0510000
  0.0370000               0.415000             -0.0550000
  0.0690000               0.416000             -0.0210000
  0.0550000               0.410000             -0.0370000
  0.0660000               0.406000             -0.0310000
  0.0750000               0.419000             -0.0320000
  0.0430000               0.411000             -0.0440000
  0.0390000               0.416000             -0.0190000
  0.0360000               0.429000             -0.0190000
  0.0500000               0.426000             -0.0110000
  0.0450000               0.420000             0.00200000
  0.0450000               0.422000             -0.0370000
  0.0440000               0.426000             -0.0710000
  0.0540000               0.430000             -0.0290000
  0.0650000               0.428000             -0.0400000
  0.0720000               0.423000             -0.0420000
  0.0750000               0.434000             -0.0690000
  0.0770000               0.430000             -0.0740000
  0.0870000               0.419000             -0.0600000
   0.111000               0.420000             -0.0700000
   0.108000               0.411000             -0.0860000
  0.0670000               0.410000             -0.0940000
  0.0630000               0.411000             -0.0900000
  0.0450000               0.416000             -0.0930000
  0.0310000               0.419000              -0.101000
  0.0270000               0.417000              -0.118000
  0.0290000               0.418000              -0.133000
  0.0290000               0.420000              -0.107000
  0.0100000               0.412000              -0.124000
 0.00100000               0.410000              -0.123000
-0.00300000               0.426000              -0.127000
-0.00600000               0.415000              -0.141000
  0.0680000               0.387000              -0.162000
  0.0560000               0.394000              -0.150000
  0.0380000               0.413000              -0.133000
  0.0380000               0.403000              -0.149000
  0.0340000               0.386000              -0.175000
  0.0340000               0.374000              -0.205000
  0.0100000               0.376000              -0.205000
 0.00800000               0.369000              -0.207000
 0.00400000               0.354000              -0.225000
  0.0150000               0.362000              -0.221000
  0.0150000               0.349000              -0.224000
-0.00900000               0.339000              -0.232000
  0.0250000               0.333000              -0.239000
  0.0230000               0.351000              -0.221000
  0.0110000               0.347000              -0.213000
  0.0220000               0.358000              -0.194000
  0.0160000               0.375000              -0.180000
  0.0470000               0.357000              -0.208000
  0.0590000               0.328000              -0.230000
  0.0340000               0.330000              -0.216000
  0.0440000               0.349000              -0.210000
  0.0340000               0.348000              -0.194000
  0.0730000               0.352000              -0.190000
  0.0830000               0.338000              -0.223000
  0.0660000               0.331000              -0.222000
  0.0600000               0.365000              -0.190000
   0.109000               0.325000              -0.233000
   0.106000               0.341000              -0.223000
   0.109000               0.323000              -0.233000
   0.116000               0.324000              -0.224000
  0.0990000               0.336000              -0.225000
   0.106000               0.343000              -0.231000
   0.101000               0.341000              -0.221000
  0.0630000               0.345000              -0.209000
  0.0480000               0.367000              -0.206000
  0.0520000               0.359000              -0.209000
  0.0710000               0.345000              -0.213000
  0.0530000               0.356000              -0.182000
  0.0120000               0.370000              -0.156000
 0.00900000               0.376000              -0.137000
-0.00500000               0.383000              -0.103000
 0.00300000               0.388000              -0.114000
  0.0140000               0.382000              -0.139000
 0.00200000               0.359000              -0.168000
-0.00400000               0.373000              -0.136000
  0.0100000               0.380000              -0.175000
    0.00000               0.369000              -0.172000
-0.00400000               0.360000              -0.178000
-0.00800000               0.364000              -0.163000
 -0.0140000               0.381000              -0.160000
 -0.0270000               0.373000              -0.174000
 -0.0310000               0.378000              -0.139000
 -0.0150000               0.398000             -0.0960000
  0.0190000               0.394000             -0.0740000
    0.00000               0.388000              -0.114000
-0.00600000               0.393000              -0.118000
-0.00700000               0.396000              -0.130000
 0.00300000               0.385000              -0.137000
 0.00200000               0.380000              -0.154000
 0.00300000               0.394000              -0.148000
 0.00200000               0.400000              -0.145000
 0.00300000               0.396000              -0.140000
-0.00500000               0.397000              -0.141000
 -0.0120000               0.402000              -0.138000
 0.00200000               0.399000              -0.141000
 0.00400000               0.392000              -0.146000
 0.00500000               0.395000              -0.145000
 0.00400000               0.406000              -0.136000
 0.00800000               0.400000              -0.143000
  0.0180000               0.400000              -0.133000
  0.0220000               0.405000              -0.135000
  0.0160000               0.399000              -0.122000
 0.00500000               0.388000              -0.130000
 0.00300000               0.397000              -0.134000
  0.0150000               0.404000              -0.147000
  0.0190000               0.382000              -0.154000
  0.0150000               0.383000              -0.151000
 0.00800000               0.389000              -0.145000
 0.00400000               0.394000              -0.148000
 0.00500000               0.378000              -0.159000
  0.0110000               0.378000              -0.163000
  0.0180000               0.383000              -0.175000
  0.0190000               0.379000              -0.175000
  0.0240000               0.387000              -0.183000
  0.0160000               0.384000              -0.180000
  0.0180000               0.386000              -0.187000
  0.0130000               0.379000              -0.190000
  0.0150000               0.380000              -0.191000
  0.0180000               0.383000              -0.194000
  0.0140000               0.376000              -0.206000
  0.0210000               0.357000              -0.202000
  0.0120000               0.359000              -0.199000
  0.0100000               0.381000              -0.204000
  0.0130000               0.364000              -0.211000
 0.00700000               0.360000              -0.208000
 0.00100000               0.371000              -0.195000
-0.00100000               0.383000              -0.188000
 0.00300000               0.378000              -0.201000
-0.00400000               0.366000              -0.183000
 0.00200000               0.364000              -0.195000
    0.00000               0.348000              -0.220000
-0.00200000               0.345000              -0.233000
  0.0120000               0.350000              -0.242000
  0.0180000               0.362000              -0.239000
  0.0120000               0.358000              -0.243000
-0.00500000               0.350000              -0.249000
-0.00400000               0.347000              -0.248000
-0.00200000               0.257000              -0.321000
 -0.0130000               0.216000              -0.342000
-0.00900000               0.212000              -0.345000
-0.00700000               0.227000              -0.343000
-0.00300000               0.213000              -0.344000
 -0.0130000               0.211000              -0.343000
-0.00300000               0.224000              -0.339000
 -0.0170000               0.220000              -0.344000
-0.00800000               0.198000              -0.362000
 0.00500000               0.170000              -0.382000
 0.00100000               0.162000              -0.395000
-0.00400000               0.128000              -0.407000
 0.00400000               0.128000              -0.404000
 0.00200000               0.141000              -0.396000
-0.00500000               0.156000              -0.391000
-0.00600000               0.173000              -0.356000
-0.00600000               0.186000              -0.344000
-0.00600000               0.205000              -0.333000
-0.00600000               0.184000              -0.347000
-0.00900000               0.163000              -0.352000
 -0.0120000               0.188000              -0.342000
-0.00800000               0.218000              -0.336000
 -0.0240000               0.238000              -0.324000
 -0.0260000               0.296000              -0.291000
 -0.0250000               0.279000              -0.282000
 -0.0190000               0.284000              -0.274000
 -0.0190000               0.273000              -0.277000
 -0.0250000               0.264000              -0.281000
 -0.0340000               0.241000              -0.292000
 -0.0220000               0.239000              -0.294000
 -0.0200000               0.246000              -0.294000
 -0.0240000               0.252000              -0.289000
 -0.0240000               0.265000              -0.297000
 -0.0270000               0.248000              -0.293000
 -0.0280000               0.250000              -0.288000
 -0.0220000               0.255000              -0.279000
 -0.0220000               0.259000              -0.278000
 -0.0270000               0.248000              -0.283000
 -0.0210000               0.240000              -0.282000
 -0.0270000               0.250000              -0.285000
 -0.0220000               0.247000              -0.280000
 -0.0220000               0.248000              -0.284000
 -0.0330000               0.343000              -0.131000
 -0.0640000               0.379000              0.0150000
 -0.0530000               0.375000              0.0650000
 -0.0520000               0.373000              0.0820000
 -0.0400000               0.384000              0.0640000
 -0.0310000               0.369000             -0.0710000
 -0.0300000               0.310000              -0.221000
 -0.0160000               0.291000              -0.250000
 -0.0130000               0.330000              -0.211000
 -0.0280000               0.327000              -0.202000
 -0.0330000               0.332000              -0.185000
 -0.0300000               0.352000              -0.167000
 -0.0420000               0.365000              -0.126000
 -0.0350000               0.377000             -0.0870000
 -0.0360000               0.367000              -0.103000
 -0.0400000               0.384000             -0.0870000
 -0.0330000               0.378000             -0.0920000
 -0.0390000               0.373000             -0.0950000
 -0.0600000               0.356000              -0.128000
 -0.0710000               0.355000              -0.143000
 -0.0470000               0.356000              -0.133000
 -0.0420000               0.369000              -0.109000
 -0.0470000               0.381000              -0.101000
 -0.0460000               0.375000              -0.109000
 -0.0210000               0.365000              -0.133000
 -0.0290000               0.366000              -0.146000
 -0.0280000               0.368000              -0.156000
 -0.0280000               0.368000              -0.147000
 -0.0220000               0.362000              -0.163000
 -0.0210000               0.368000              -0.162000
 -0.0360000               0.368000              -0.129000
 -0.0520000               0.357000              -0.140000
 -0.0380000               0.364000              -0.159000
 -0.0310000               0.375000              -0.161000
 -0.0370000               0.369000              -0.152000
 -0.0500000               0.359000              -0.166000
 -0.0400000               0.366000              -0.164000
 -0.0290000               0.381000              -0.162000
 -0.0280000               0.357000              -0.171000
 -0.0290000               0.354000              -0.175000
 -0.0280000               0.354000              -0.189000
 -0.0310000               0.357000              -0.180000
 -0.0420000               0.362000              -0.155000
 -0.0510000               0.361000              -0.132000
 -0.0440000               0.372000              -0.133000
 -0.0360000               0.351000              -0.152000
 -0.0310000               0.346000              -0.170000
 -0.0260000               0.333000              -0.175000
-0.00600000               0.319000              -0.202000
 -0.0180000               0.313000              -0.192000
 -0.0180000               0.344000              -0.153000
 0.00100000               0.361000              -0.136000
 -0.0370000               0.380000              -0.103000
 -0.0360000               0.383000             -0.0730000
 -0.0220000               0.359000             -0.0730000
 -0.0330000               0.374000             -0.0680000
 -0.0170000               0.368000             -0.0760000
 -0.0160000               0.356000             -0.0900000
 -0.0180000               0.364000             -0.0830000
-0.00200000               0.368000             -0.0750000
-0.00400000               0.359000             -0.0780000
  0.0220000               0.353000             -0.0270000
-0.00600000               0.366000             -0.0500000
 -0.0160000               0.362000             -0.0590000
 -0.0140000               0.359000             -0.0790000
  0.0400000               0.380000              0.0140000
  0.0450000               0.381000             0.00700000
  0.0520000               0.376000                0.00000
  0.0460000               0.377000             -0.0170000
  0.0580000               0.386000             -0.0140000
  0.0670000               0.373000            -0.00900000
  0.0500000               0.373000             -0.0150000
  0.0400000               0.377000            -0.00200000
  0.0420000               0.385000             -0.0240000
  0.0400000               0.375000             -0.0290000
  0.0530000               0.367000             -0.0330000
  0.0700000               0.366000             -0.0530000
  0.0560000               0.364000             -0.0560000
  0.0470000               0.366000             -0.0490000
  0.0750000               0.364000             -0.0610000
  0.0310000               0.378000             -0.0370000
 0.00100000               0.368000             -0.0190000
  0.0120000               0.367000             -0.0580000
  0.0170000               0.372000             -0.0360000
  0.0130000               0.375000             -0.0370000
-0.00400000               0.363000             -0.0100000
-0.00100000               0.366000              0.0200000
 0.00800000               0.371000            -0.00100000
-0.00400000               0.373000             -0.0310000
  0.0210000               0.362000            -0.00800000
  0.0340000               0.365000              0.0170000
  0.0230000               0.373000            -0.00300000
  0.0300000               0.365000                0.00000
  0.0230000               0.376000             0.00900000
  0.0320000               0.369000            -0.00600000
  0.0270000               0.369000              0.0100000
  0.0310000               0.357000             -0.0120000
  0.0170000               0.356000             -0.0240000
 0.00900000               0.372000             -0.0180000
-0.00600000               0.363000             -0.0140000
 -0.0360000               0.362000             -0.0220000
 -0.0220000               0.361000             -0.0320000
-0.00700000               0.371000             -0.0350000
 -0.0170000               0.365000             -0.0310000
-0.00200000               0.361000             -0.0370000
 -0.0100000               0.366000             -0.0280000
 -0.0100000               0.359000             -0.0290000
 -0.0120000               0.358000             -0.0200000
 -0.0140000               0.360000             0.00800000
 -0.0120000               0.369000              0.0250000
 -0.0180000               0.360000              0.0230000
-0.00500000               0.364000              0.0240000
 0.00700000               0.372000             -0.0310000
-0.00400000               0.372000             -0.0230000
-0.00200000               0.363000             -0.0190000
 0.00200000               0.365000            -0.00400000
 0.00800000               0.378000            -0.00300000
  0.0250000               0.369000            -0.00100000
  0.0360000               0.367000             0.00900000
 0.00900000               0.367000              0.0150000
 0.00100000               0.380000              0.0160000
 -0.0430000               0.364000             -0.0210000
 -0.0430000               0.361000             -0.0150000
 -0.0430000               0.365000            -0.00600000
 -0.0340000               0.360000             -0.0100000
 -0.0290000               0.362000            -0.00700000
 -0.0190000               0.372000             0.00800000
 -0.0190000               0.366000            -0.00500000
 -0.0400000               0.353000             -0.0410000
 -0.0370000               0.363000             -0.0310000
 -0.0190000               0.371000             0.00400000
 -0.0150000               0.400000             -0.0220000
 -0.0240000               0.392000            -0.00900000
 -0.0180000               0.383000             -0.0200000
 -0.0260000               0.388000            -0.00700000
 -0.0230000               0.393000             -0.0120000
 -0.0160000               0.395000             -0.0150000
 -0.0110000               0.400000             -0.0160000
 -0.0160000               0.405000             -0.0110000
-0.00500000               0.395000              0.0170000
-0.00600000               0.398000             0.00600000
-0.00900000               0.407000             -0.0130000
-0.00300000               0.397000            -0.00500000
 0.00700000               0.391000              0.0130000
 -0.0100000               0.401000              0.0390000
-0.00300000               0.416000              0.0380000
 -0.0100000               0.343000               0.212000
 -0.0140000               0.345000               0.208000
 -0.0130000               0.349000               0.208000
 -0.0240000               0.366000               0.180000
 -0.0330000               0.358000               0.167000
 -0.0290000               0.377000               0.108000
 -0.0530000               0.395000              0.0490000
 -0.0290000               0.379000              0.0790000
 -0.0350000               0.376000              0.0940000
 -0.0340000               0.359000               0.143000
 -0.0240000               0.366000               0.144000
 -0.0180000               0.358000               0.143000
 -0.0120000               0.348000               0.178000
 -0.0100000               0.366000               0.156000
-0.00600000               0.364000               0.131000
 -0.0180000               0.360000               0.140000
 -0.0120000               0.360000               0.141000
 -0.0190000               0.380000               0.129000
 0.00700000               0.371000               0.112000
-0.00100000               0.366000               0.116000
-0.00400000               0.375000               0.110000
  0.0110000               0.367000               0.128000
 0.00500000               0.374000               0.114000
  0.0150000               0.288000               0.261000
  0.0110000               0.299000               0.252000
-0.00100000               0.320000               0.230000
 -0.0120000               0.302000               0.232000
 -0.0100000               0.262000               0.263000
-0.00700000               0.274000               0.267000
-0.00900000               0.266000               0.269000
 -0.0220000               0.264000               0.267000
 -0.0250000               0.269000               0.259000
 -0.0490000               0.300000               0.231000
 -0.0540000               0.301000               0.220000
 -0.0410000               0.294000               0.235000
 -0.0330000               0.295000               0.234000
 -0.0320000               0.291000               0.241000
 -0.0360000               0.277000               0.250000
 -0.0350000               0.287000               0.235000
 -0.0370000               0.276000               0.246000
 -0.0310000               0.264000               0.247000
 -0.0220000               0.266000               0.245000
-0.00500000               0.250000               0.251000
 -0.0450000               0.331000               0.114000
 -0.0310000               0.349000              0.0370000
 -0.0260000               0.342000              0.0200000
 -0.0270000               0.342000             0.00400000
 -0.0340000               0.351000             0.00500000
 -0.0370000               0.349000            -0.00500000
 -0.0450000               0.346000            -0.00800000
 -0.0480000               0.348000             0.00300000
 -0.0710000               0.335000             0.00400000
 -0.0440000               0.338000             -0.0120000
 -0.0500000               0.342000             -0.0410000
 -0.0490000               0.345000             -0.0640000
 -0.0470000               0.337000             -0.0190000
 -0.0520000               0.347000              0.0210000
 -0.0230000               0.312000               0.129000
-0.00700000               0.308000               0.174000
-0.00400000               0.319000               0.163000
  0.0310000               0.289000               0.232000
  0.0190000               0.306000               0.221000
  0.0200000               0.306000               0.205000
  0.0200000               0.315000               0.181000
  0.0120000               0.306000               0.193000
  0.0190000               0.300000               0.190000
 0.00100000               0.304000               0.178000
 -0.0140000               0.324000              0.0640000
 -0.0200000               0.352000            -0.00700000
 -0.0210000               0.348000            -0.00600000
 -0.0400000               0.361000             -0.0610000
 -0.0330000               0.359000             -0.0660000
 -0.0300000               0.362000             -0.0760000
 -0.0280000               0.349000             -0.0750000
 -0.0150000               0.346000             -0.0810000
 -0.0280000               0.361000             -0.0730000
 -0.0390000               0.355000             -0.0590000
 -0.0440000               0.349000             -0.0730000
 -0.0550000               0.352000             -0.0500000
 -0.0450000               0.361000             -0.0590000
 -0.0240000               0.350000             -0.0370000
 -0.0230000               0.348000             -0.0200000
 -0.0480000               0.345000             -0.0480000
 -0.0530000               0.343000             -0.0610000
 -0.0530000               0.327000              -0.118000
 -0.0370000               0.324000              -0.142000
 -0.0180000               0.354000             -0.0840000
 -0.0280000               0.344000              -0.100000
 -0.0300000               0.343000             -0.0810000
 -0.0470000               0.334000              -0.116000
 -0.0460000               0.340000              -0.116000
 -0.0390000               0.344000              -0.128000
 -0.0320000               0.352000              -0.106000
 -0.0440000               0.347000              -0.128000
 -0.0390000               0.361000             -0.0520000
 -0.0570000               0.344000              0.0250000
 -0.0510000               0.345000             -0.0120000
 -0.0340000               0.362000            -0.00800000
 -0.0300000               0.357000             0.00800000
 -0.0280000               0.351000              0.0140000
 -0.0330000               0.344000              0.0270000
 -0.0380000               0.345000              0.0400000
 -0.0460000               0.340000              0.0400000
 -0.0410000               0.351000              0.0240000
 -0.0630000               0.366000              0.0230000
 -0.0770000               0.341000             -0.0310000
 -0.0920000               0.331000              -0.124000
  -0.109000               0.302000              -0.167000
 -0.0670000               0.337000              -0.152000
 -0.0720000               0.324000              -0.148000
 -0.0730000               0.320000              -0.155000
 -0.0670000               0.330000              -0.163000
 -0.0590000               0.324000              -0.158000
 -0.0590000               0.321000              -0.156000
 -0.0790000               0.315000              -0.171000
 -0.0980000               0.322000              -0.169000
 -0.0590000               0.316000              -0.195000
 -0.0700000               0.331000              -0.195000
 -0.0620000               0.341000              -0.198000
 -0.0710000               0.341000              -0.190000
 -0.0770000               0.326000              -0.205000
  -0.122000               0.333000              -0.170000
  -0.111000               0.351000              -0.188000
 -0.0900000               0.332000              -0.201000
 -0.0680000               0.319000              -0.229000
 -0.0890000               0.323000              -0.218000
 -0.0960000               0.335000              -0.201000
 -0.0950000               0.322000              -0.217000
  -0.124000               0.322000              -0.198000
  -0.122000               0.338000              -0.203000
 -0.0910000               0.331000              -0.216000
 -0.0850000               0.327000              -0.223000
  -0.110000               0.316000              -0.225000
 -0.0920000               0.313000              -0.224000
  -0.100000               0.303000              -0.231000
  -0.103000               0.312000              -0.212000
  -0.105000               0.302000              -0.233000
 -0.0950000               0.304000              -0.242000
 -0.0790000               0.305000              -0.244000
 -0.0920000               0.295000              -0.254000
 -0.0990000               0.321000              -0.245000
  -0.122000               0.325000              -0.232000
  -0.128000               0.310000              -0.242000
  -0.125000               0.301000              -0.252000
  -0.108000               0.314000              -0.246000
  -0.104000               0.310000              -0.251000
  -0.115000               0.326000              -0.222000
 -0.0910000               0.331000              -0.243000
 -0.0920000               0.337000              -0.239000
  -0.104000               0.326000              -0.249000
 -0.0790000               0.344000              -0.234000
 -0.0820000               0.333000              -0.270000
 -0.0840000               0.357000              -0.197000
 -0.0980000               0.328000              -0.253000
 -0.0840000               0.350000              -0.242000
  -0.101000               0.367000              -0.210000
 -0.0870000               0.341000              -0.246000
  -0.105000               0.333000              -0.252000
  -0.103000               0.346000              -0.245000
 -0.0970000               0.330000              -0.272000
  -0.106000               0.303000              -0.286000
 -0.0920000               0.292000              -0.293000
 -0.0960000               0.283000              -0.307000
 -0.0860000               0.305000              -0.278000
 -0.0980000               0.299000              -0.288000
  -0.108000               0.303000              -0.282000
  -0.120000               0.276000              -0.305000
  -0.107000               0.263000              -0.319000
 -0.0890000               0.283000              -0.302000
  -0.116000               0.308000              -0.275000
 -0.0790000               0.310000              -0.265000
 -0.0730000               0.332000              -0.242000
 -0.0780000               0.364000              -0.193000
 -0.0940000               0.369000              -0.200000
 -0.0650000               0.399000              -0.124000
 -0.0760000               0.386000              -0.191000
 -0.0760000               0.401000              -0.196000
 -0.0770000               0.398000              -0.181000
 -0.0820000               0.409000              -0.154000
 -0.0800000               0.400000              -0.168000
 -0.0790000               0.412000              -0.173000
 -0.0680000               0.401000              -0.170000
 -0.0790000               0.396000              -0.165000
 -0.0680000               0.404000              -0.157000
 -0.0600000               0.414000              -0.121000
 -0.0530000               0.418000              -0.111000
 -0.0490000               0.416000              -0.117000
 -0.0500000               0.428000              -0.113000
 -0.0670000               0.412000              -0.114000
 -0.0520000               0.417000              -0.109000
 -0.0650000               0.415000              -0.115000
 -0.0720000               0.422000              -0.121000
 -0.0620000               0.414000              -0.127000
 -0.0510000               0.423000             -0.0880000
 -0.0500000               0.435000             -0.0860000
 -0.0520000               0.426000             -0.0650000
 -0.0630000               0.424000             -0.0740000
 -0.0450000               0.424000             -0.0550000
 -0.0660000               0.418000             -0.0750000
 -0.0580000               0.409000             -0.0730000
 -0.0460000               0.414000             -0.0520000
 -0.0530000               0.420000             -0.0550000
 -0.0480000               0.415000             -0.0580000
 -0.0630000               0.411000             -0.0730000
 -0.0720000               0.406000             -0.0790000
 -0.0940000               0.415000             -0.0670000
 -0.0790000               0.415000             -0.0730000
 -0.0760000               0.410000             -0.0690000
 -0.0710000               0.417000             -0.0630000
 -0.0690000               0.419000             -0.0610000
 -0.0550000               0.417000             -0.0550000
 -0.0630000               0.412000             -0.0610000
 -0.0730000               0.419000             -0.0680000
 -0.0390000               0.416000             -0.0590000
 -0.0300000               0.416000             -0.0610000
 -0.0430000               0.414000             -0.0600000
 -0.0330000               0.423000             -0.0620000
 -0.0430000               0.408000             -0.0540000
 -0.0630000               0.401000             -0.0470000
 -0.0610000               0.410000             -0.0540000
 -0.0350000               0.413000             -0.0350000
 -0.0190000               0.410000             -0.0330000
 -0.0200000               0.407000             -0.0320000
 -0.0250000               0.420000             -0.0360000
 -0.0380000               0.412000             -0.0430000
 -0.0460000               0.413000             -0.0460000
 -0.0470000               0.407000             -0.0490000
 -0.0410000               0.419000             -0.0440000
 -0.0390000               0.410000             -0.0380000
 -0.0440000               0.410000             -0.0320000
 -0.0400000               0.419000             -0.0490000
 -0.0470000               0.407000             -0.0530000
 -0.0540000               0.407000             -0.0470000
 -0.0590000               0.407000             -0.0470000
 -0.0660000               0.416000             -0.0380000
 -0.0560000               0.407000             -0.0430000
 -0.0530000               0.408000             -0.0370000
 -0.0510000               0.412000             -0.0520000
 -0.0390000               0.428000             -0.0510000
 -0.0440000               0.421000             -0.0360000
 -0.0440000               0.413000             -0.0330000
 -0.0490000               0.425000             -0.0430000
 -0.0410000               0.421000             -0.0350000
 -0.0400000               0.419000             -0.0440000
 -0.0370000               0.422000             -0.0700000
 -0.0400000               0.433000             -0.0620000
 -0.0430000               0.433000             -0.0500000
 -0.0500000               0.437000             -0.0380000
 -0.0460000               0.459000             -0.0410000
 -0.0460000               0.446000             -0.0320000
 -0.0530000               0.444000             -0.0290000
 -0.0510000               0.436000             -0.0680000
 -0.0430000               0.450000              -0.100000
 -0.0410000               0.455000             -0.0820000
 -0.0450000               0.454000             -0.0850000
 -0.0460000               0.460000             -0.0670000
 -0.0340000               0.465000             -0.0610000
 -0.0200000               0.463000             -0.0660000
    0.00000               0.452000             -0.0820000
-0.00800000               0.457000              -0.101000
 -0.0140000               0.452000             -0.0790000
 -0.0160000               0.452000             -0.0800000
 -0.0350000               0.463000             -0.0620000
 -0.0450000               0.469000             -0.0470000
 -0.0330000               0.461000             -0.0470000
 -0.0270000               0.462000             -0.0420000
 -0.0280000               0.472000             -0.0490000
 -0.0370000               0.462000             -0.0270000
 -0.0420000               0.455000             -0.0290000
 -0.0390000               0.454000                0.00000
 -0.0450000               0.460000                0.00000
 -0.0510000               0.455000            -0.00800000
 -0.0630000               0.451000            -0.00800000
 -0.0480000               0.448000             -0.0100000
 -0.0360000               0.451000             -0.0140000
 -0.0410000               0.446000                0.00000
 -0.0440000               0.453000             -0.0170000
 -0.0520000               0.455000            -0.00100000
 -0.0570000               0.442000             -0.0160000
 -0.0550000               0.443000             -0.0240000
 -0.0570000               0.451000             -0.0230000
 -0.0610000               0.457000             -0.0280000
 -0.0570000               0.443000             -0.0140000
 -0.0530000               0.440000            -0.00600000
 -0.0380000               0.454000             -0.0110000
 -0.0440000               0.452000                0.00000
 -0.0450000               0.445000            -0.00500000
 -0.0400000               0.443000             -0.0130000
 -0.0420000               0.455000                0.00000
 -0.0420000               0.449000              0.0110000
 -0.0410000               0.445000              0.0270000
 -0.0380000               0.446000              0.0350000
 -0.0390000               0.444000              0.0410000
 -0.0420000               0.442000              0.0470000
 -0.0400000               0.443000              0.0520000
 -0.0420000               0.453000              0.0530000
 -0.0640000               0.439000              0.0180000
 -0.0460000               0.436000              0.0180000
 -0.0360000               0.444000              0.0200000
 -0.0310000               0.455000              0.0260000
 -0.0380000               0.442000              0.0370000
 -0.0470000               0.439000              0.0440000
 -0.0620000               0.441000              0.0460000
 -0.0650000               0.440000              0.0550000
 -0.0660000               0.443000              0.0590000
 -0.0840000               0.432000              0.0640000
 -0.0790000               0.447000              0.0540000
 -0.0750000               0.439000              0.0660000
 -0.0710000               0.437000              0.0780000
 -0.0760000               0.434000              0.0780000
 -0.0740000               0.439000              0.0720000
 -0.0780000               0.434000              0.0740000
 -0.0810000               0.428000              0.0840000
 -0.0810000               0.437000               0.100000
 -0.0860000               0.427000              0.0990000
